x                  y
57.544051081331631 75.153942752785881
55.765994898339443 150.205470970221370
39.818633268992457 228.316573389365089
38.427589912009338 300.126326085462495
38.809900492378475 351.565976025529437
59.737473915167030 412.047284162200526
67.263147904791040 491.802478723002309
40.048048256113915 535.428685923137209
40.397926829678767 588.579135705849353
48.957357375949783 645.375584888580192
37.033139629201415 711.774803586599319
39.028674882122061 769.727004539557811
49.230573427630176 933.600282019784345
57.342269136689893 998.513442752132619
55.641903540322843 1084.829292520617400
45.934526709598856 1138.665566525509803
36.202966057813342 1215.987846895076700
101.742833341967511 226.310103672654520
99.909043587673850 312.887442390392607
100.701923343707179 578.169139517602957
99.912842498675857 628.592520417492210
90.928144639615326 687.920497014554826
81.634261642035014 739.596056312308519
76.608408000508021 820.663368133393874
70.854760494933160 882.177717085404424
94.263922919586534 963.749993037299987
79.644607216227612 1178.849898798076993
90.340696956673540 1236.546232785351322
114.733903440465937 75.072088276873487
108.259575109368214 137.012125167086253
122.408216688758088 364.604664251496501
129.861910529075317 418.591322005906704
139.430558665856779 468.509008927920149
108.520524481415819 523.980751172658415
140.888008137060297 676.288833128443457
123.563540713242688 768.527842360627346
108.987537224957364 1017.042314672972793
138.370293647772428 1060.271738348439385
109.595090963520519 1135.747161683342028
131.476082986330596 1192.541101005360133
153.466814665781897 109.300835019069851
172.284110895398442 157.605151772243687
154.461877093760336 206.302128118110204
146.416728796199720 259.185566829831373
171.608637106995957 313.416727837514486
151.512684200924184 569.407249846797981
153.805683665458844 620.679078675967389
176.045700013477131 772.393795020484845
157.876936973308375 826.678651265576718
143.144576567406943 891.895650679296637
173.172501209398604 932.811313865137549
154.755911389923313 983.223483382781410
169.447992882228789 1141.346744027666546
168.456231169064552 1234.098644926858924
188.907446110086937 49.600011060606349
203.412477694686174 234.660612708871895
184.795416679892980 378.761358139052220
183.324299413573044 437.567222239317914
182.816093371470060 505.626160386330980
211.686834313484383 547.298863860738038
190.032773728857535 655.715503305266225
182.553195775131485 716.365443433783184
204.309032093282326 845.823456279090806
179.328641996948022 1027.706861023939837
241.298273714318498 97.673380531077569
226.237429123257698 162.964043106581528
244.648449790965685 266.917061318301592
240.368176615482469 317.019916945979446
228.331371653021961 403.411963965007715
230.755435163548782 486.777126385740189
225.454456529326592 601.686698482813767
223.961889691970669 748.057491024355386
226.307375462431366 799.760019445414741
223.486232480675142 893.312126375897492
216.042971830074350 960.476111264223732
229.533416792742912 1025.466021582552685
215.464202802197917 1092.371424430155002
233.115412927084549 1171.009339007603103
244.991874468298761 1221.520972052306206
250.305187014396154 41.993746350992794
278.603717781966452 145.549248120310381
278.270523953481245 197.575782077252370
261.275973368080031 364.473787746827441
258.952999811223833 443.011376348021713
276.230267654712520 515.240298489764086
261.137245828931668 565.953979100634683
249.070885341614030 655.615058385283646
261.663132060886767 713.536793960268483
266.190369864841273 847.276604422331047
281.042091973250137 1185.576977814080465
306.480986282195204 45.470631171067225
297.869832970240338 96.513478602273764
296.187991948233673 284.466713702423419
297.437224412585579 402.999144486429657
292.420544670578295 626.715801916025839
311.952509138345704 682.870159305437028
314.630046333208099 734.269655924092831
283.501853814626713 791.358726930966782
287.512682006178807 927.421826712246798
287.643846713179471 991.142450015803092
295.342243343885343 1047.465639043457713
294.450489443239633 1098.652238739022550
328.223659260382192 151.715024027474556
334.780973306164185 228.156606155802535
340.616437887652239 344.141436046463355
347.917174115330340 404.338948773965285
341.974666092439520 463.376839841647325
320.634429213369231 583.067058126194411
341.071725038566342 785.398661711626005
324.997595805702986 852.858008011419770
342.461026577860196 941.734311403459628
341.266525834072070 1012.411217484856820
342.258995457601543 1066.919101880441303
338.184867454273729 1126.051317176519660
331.486898124293930 1184.705542637073677
318.589057141908711 1235.201267285928907
354.600945188042544 89.995017970623323
375.941373340381119 170.947459720158520
362.082889763124967 295.426492371936888
355.929085098198755 535.469856938555949
385.301709196634022 589.580634210057042
364.858289470527495 665.440906464843920
370.109860956577847 741.735704271651002
366.418253553853503 882.479342453866479
384.449403167441574 981.360223909570891
382.253625462083050 1169.443844985082023
378.601108409331744 1222.777646833670815
401.612814286002333 53.055807145414107
390.672778926463309 233.939646895202998
412.172034781811817 316.071535714803701
393.324774029981768 363.976973748709213
408.124776222402545 422.660104218223864
391.693987297188471 471.408343307535347
418.548921806527801 514.482880959177919
418.870096337646771 645.710623501546479
404.445990408241983 699.526486530223906
397.281401107776560 785.001589917707861
397.222102915062976 835.214501058870951
389.346017595830119 1035.117758227076365
410.603998655696500 1086.471202972934861
426.129609323725276 106.728947344340170
434.761341716984703 159.963533598879337
444.716042967975227 272.804071470073609
455.800645345523435 372.486642712218043
434.977320109364484 580.464355865308903
449.503706579572508 764.380984679000107
444.815957444406990 814.518859957474660
435.400161758091429 870.147980591227565
437.393569596564589 923.230333121499029
450.287914566382597 971.930056113699379
456.433688677091709 1023.916674763688320
442.573268419537726 1190.518890582815629
460.563762936697003 62.758584887934219
465.666729113554652 200.823145179188771
485.713869356909640 324.991340838288806
466.572332015484108 464.696842292471047
483.248920097863447 517.412116046479468
485.461514939005383 653.949034822185126
483.890118492954343 707.910779634766072
483.646309258494739 851.186682084710924
478.100685214484542 1069.634456137938969
464.197993425671484 1118.318483820868551
490.068835251001587 1233.201108746387263
512.011475777567398 82.326759087084994
511.169772680748338 132.764560084973652
502.697924044191041 266.630780958557636
528.441829766303613 352.634192241494645
514.357514832191555 406.188217866371588
496.107270122997534 582.399139905509060
517.870317267139512 787.137126542508099
519.819464962678467 918.211994051964439
499.995782152037350 981.927916839776458
523.292578189644928 1131.091840414168473
496.435762633976879 1178.499411930561109
532.696873739604712 35.675554956922781
559.793735753309647 119.179588909174370
552.391591232685528 192.692521413707368
559.174494071680328 242.231198115134646
551.912095830635963 291.708229554307763
557.180280868171963 438.453345235359393
539.743162877919985 490.096215683035894
537.774480689144070 550.266173293243241
530.912110813585400 623.155725030577742
545.196771490183664 700.637413589822359
534.843742277967294 1056.957581833054519
556.172326757789733 1185.086010046188449
541.071299436419054 1236.339702464236098
589.070237013768860 52.663113663225460
583.983782945916232 340.046736997441712
593.081006087377432 389.492413943406575
599.720811391355028 476.949247421730888
583.975050161055719 526.608648772214337
571.720869010260799 589.146529524079142
575.363072330880073 648.547776294775417
574.877116277898153 764.001233293860082
575.042528875402581 816.271419131479547
566.631103231226462 879.913829059279010
585.674581225350494 940.006656843775772
573.038485532347522 999.619724325026823
584.337378589875698 1070.105086475971802
582.619708895749341 1123.997268982201604
591.322426151810191 1234.091170080721213
613.907332491539592 107.929716001370323
635.008612494619456 158.227489730792058
624.471598803713732 208.148137679290699
605.230848995231554 262.358693485032063
635.339968318915908 584.292418423926847
620.821661881063278 702.497742970877766
627.860012063695081 770.201416321080274
616.648391771424826 872.854918633985562
619.043152679383070 977.444610108124039
630.844598671265203 1037.927044120575147
618.986416429198130 1186.034233290842394
639.293380095947782 44.349546092648580
640.578608137151264 311.654685782079810
655.119586720248549 365.412324301655531
646.655317048686584 427.839312377096292
661.318677816177569 479.285139679305303
656.088768969134662 533.845078190735762
654.847187057870769 644.875506064198703
664.500018173250965 727.173174472192727
663.803231077784289 848.235116652826036
640.428114852540602 926.452590862084435
653.904934092059648 1100.328473610808487
655.817270090622515 1151.507822679742731
660.874481243577179 1220.091347764705461
679.087464738669041 128.804597723970062
687.913942639956190 191.322203371429509
674.675894593145244 258.690503690762398
696.766915490894007 681.021618329013791
683.634202064112060 773.414449694286645
688.905269142552811 894.645784684432442
682.449586771522377 978.726545626234497
682.177785016143275 1030.494018414499806
696.668458753788514 1181.774651651383692
719.127640807304488 66.254020861473535
731.802258471123196 133.617239540395701
729.274416100105896 271.319898220228652
714.683556264635172 328.178025921906681
711.078817779074143 378.399405339544501
736.941623061825908 424.831973356443257
710.852058663102639 471.989550629254268
717.573324604787103 534.119034684813300
720.700843013162853 586.904994168481153
714.468094407640706 730.009847903638388
733.715422850737127 776.810600525114978
725.152126476867011 826.587816153902054
736.565928105911894 876.617042962986147
737.303253802474046 959.232803959138550
730.575074219938529 1017.746488945936221
712.808581694860891 1082.353513936221816
729.777583649412918 1131.797733615875131
720.955656142508701 1237.072970282836650
766.067119414223953 208.481328222041213
771.086358170881795 348.293252929643302
773.068983182454417 480.329334181276408
765.163439736270448 553.489467412587942
755.064906498732284 643.809191478985099
764.689569359773827 732.976367905639677
774.032708910555129 843.209436747931591
758.700429090282114 1060.738292301243064
777.189405025749579 1115.713659431090718
778.293930838893175 40.958909717307975
801.263146401720519 121.271609369345597
801.392874937548299 171.375286579358260
779.337561375072255 296.450692995574684
798.982451987495665 436.957656206351885
799.719014402500306 620.595291245171552
795.802627385722985 693.318008458646659
782.902256863871571 786.486344719552335
780.635440333761039 902.103443584646925
793.231594632785800 953.580578528820183
781.123610763081388 1012.715345318750337
808.998768718262454 1074.881330291167160
786.167557420340245 1168.256285920452001
806.108963545855886 1229.174103317304571
821.795938270617967 71.271102879870355
814.208883438499242 221.988336572834669
826.640893600496611 270.424671625477231
826.247269586329367 326.880932475394502
842.025064227042549 387.415560839344835
839.252718664023632 493.791738773782640
815.383133368752283 545.567228397453164
846.099811051442089 595.158766731999776
813.471220730497180 746.017912059396508
826.379531475192152 823.900177692321677
835.652905036334005 875.182926199493977
834.540430499240188 1019.290583009937905
869.326726221225499 37.395227271332246
852.085955499068973 133.291452346928679
850.496968292380529 187.580538775329160
880.660348006072468 269.621922878986538
881.681117838230534 343.652670005373238
865.895435466799881 447.011290805909766
870.905208568336093 676.882788735775080
865.221967088378506 760.884192151813750
877.145664455794190 828.345785010709278
861.304733190275897 919.495491907367750
859.818192109162965 969.580704474093750
870.886016098473078 1095.424285610499282
856.958473368337650 1148.557461127616762
857.715072909452033 1210.594156351360880
888.453196773849868 87.260529490287254
901.882013083428774 181.903666835271565
892.250495032389949 393.605476515067437
905.236831177985209 479.617969137814043
886.859562876192626 545.879800726290682
909.762921911754461 616.511886264012901
910.876162760251304 707.459884234220226
894.527095811138338 877.765130590966464
909.177119425125170 978.099406303790715
896.707405817969629 1050.233586787741388
911.133592426685482 1152.206347371249649
903.384854813221864 1233.412314093091254
944.569180009670049 40.229101360330333
952.762540373562388 90.837715498153258
928.538580391505775 134.804737097801080
920.487254540250206 228.352080838930078
939.149987656638473 316.730024244959054
953.913330547971213 465.147646938845924
945.686428470301621 544.121098598576623
952.686536294993743 675.533247820079737
952.264302966029845 743.492136506610564
922.011109372293163 806.062757309996073
935.024031812470525 935.047974670806980
944.284137361710464 1013.723259890948952
930.521106575821705 1089.714609035316244
943.563930539471016 1192.487299393814737
989.921920648835680 124.656657289877742
984.319380305761683 193.541422126693590
967.821055489307923 271.651685628452014
955.711534942220737 369.003811073649274
983.368782612573455 420.979918283151505
978.006909577156762 620.162305128318621
983.623363993351973 823.081935540187374
965.841390925618384 874.593861311041337
972.333319436125635 1235.904109626065292
1011.625799197825359 59.393985246585132
1020.626543039864714 272.591161884283224
1011.553007522565736 369.072117155091689
1012.969082659352011 461.540808190595840
1009.429450772757150 511.894930342519501
1001.703802807290572 568.123054065840392
1002.867928608458328 680.721891518209418
1018.115353036265219 767.876311931236273
1000.102828752825531 921.425791046109453
995.942068308964167 1006.145602222022148
990.814567457758699 1069.284588396876416
1003.743005737651515 1135.207899997594495
1004.024066623402518 1194.749707261635876
1055.356434400941907 84.847535422290733
1053.044767631804916 179.998586872377757
1031.498267622879439 322.442495820543911
1033.964957362930363 414.501257656737607
1044.348983926984147 634.015105738417105
1059.703096540074966 878.343294910468103
1026.984332463619467 966.018521620913702
1033.003845451913094 1235.924995628960232
1092.364542305437226 48.314999708018419
1069.816285772021502 132.770840114533314
1072.134405128442040 227.528064728739650
1095.026681778321745 273.743252586271751
1093.329529134639415 324.286384646397948
1063.252498846884009 365.043351330748465
1077.474440792536598 454.849698902207933
1071.532450355353149 518.108253904870367
1076.290988224412331 582.292859958596296
1078.853674019375603 684.790615243725824
1066.972081010520924 749.659638653079810
1061.511393236128697 820.792482643644121
1075.664553072986109 939.784843983280666
1062.160548924112845 1002.563809752892098
1069.024421994274235 1068.077596103636552
1064.245061490653598 1148.972811693512313
1077.683313160313446 1212.998655573363294
1119.646737321034834 181.048445139363594
1100.682950432477583 401.738650709932813
1122.872137941744541 549.928717965244459
1124.805910045130759 613.749336269882065
1128.029352178603631 675.219384821418657
1116.941432445263672 752.393816340101012
1116.516100517523910 872.151714319660755
1115.214204249476552 1024.420054348768417
1114.115228311917008 1141.129205660771504
1122.741293521919260 1235.890173604783968
1146.286772032225144 76.839006644039770
1156.891864102817635 147.606783217916472
1150.429681777696487 254.942742390976889
1158.002677166747844 307.359361620834420
1140.425659147364058 363.201639990217529
1157.714085946142177 445.831536046545693
1142.491916680420218 503.791409347930880
1150.734348868355482 801.774793703152000
1140.395786103408682 928.982847409895271
1152.207423468418256 984.686537974166754
1145.667768512764269 1096.052747116499631
1152.192568515310086 1178.085202217309188
1187.577059459224756 35.959418527249014
1195.976043485426544 97.485997924857557
1169.926527517011891 196.757182790773641
1190.687456543576445 484.949402519312684
1179.953838750616114 540.175218512733522
1191.991450254304937 622.824657111558281
1194.566699666925842 676.656729838050524
1170.131224175157968 749.209881609277318
1170.925539717694392 877.357613239832631
1199.833790792270747 962.047025267339336
1169.161770844473722 1044.188512111968976
1195.757880320041522 1126.780871508668952
1173.040752779825880 1234.967891953082017
1232.420772152573363 61.042615611895613
1209.474641990662349 148.146688861726261
1226.331635414274615 195.525659963141436
1213.102229944546480 254.091640751761531
1226.333129640201832 310.006646647305217
1203.898096362034948 390.327159340117191
1219.595846304901897 439.270266292827444
1234.544388595570808 513.049153788795024
1223.964660348002099 571.194894829899795
1237.020669136135439 648.623376181055505
1214.746568762571769 726.426117723745051
1237.131916560252421 773.627256676360162
1225.161402795350341 825.711420214757140
1233.321234875375239 889.057541796431224
1219.963694495110303 1020.859957894013974
1224.377456113252265 1076.465265430355885
1237.066065911104488 1155.053014792895738
1236.057335224191320 1205.084963122435738
