#time Xenon_content radius partial_radius Xenon_gb
0 196.73 1.574 1.574 0
0.1 196.73 1.574 1.574 6.20809e-07
1.1 196.73 1.5741 1.5741 6.82873e-06
10 196.73 1.57497 1.57497 6.20637e-05
10 196.73 1.57497 1.57497 6.20637e-05
17.3695 196.73 1.57569 1.57569 0.000107623
17.3695 196.73 1.57569 1.57569 0.000107623
21.8953 196.73 1.57612 1.57612 0.000135514
21.8953 196.73 1.57612 1.57612 0.000135514
25.7422 196.73 1.5765 1.5765 0.000159179
25.7422 196.73 1.5765 1.5765 0.000159179
29.0121 196.73 1.57681 1.57681 0.000179233
29.0121 196.73 1.57681 1.57681 0.000179233
31.7915 196.73 1.57708 1.57708 0.000196264
31.7915 196.73 1.57708 1.57708 0.000196264
34.5709 196.73 1.57735 1.57735 0.000213263
34.5709 196.73 1.57735 1.57735 0.000213263
37.3503 196.73 1.57761 1.57761 0.000230231
37.3503 196.73 1.57761 1.57761 0.000230231
40.1297 196.73 1.57788 1.57788 0.000247175
40.1297 196.73 1.57788 1.57788 0.000247175
42.4922 196.73 1.57811 1.57811 0.000261552
42.4922 196.73 1.57811 1.57811 0.000261552
44.1991 196.73 1.57827 1.57827 0.000271932
44.1991 196.73 1.57827 1.57827 0.000271932
45.906 196.73 1.57843 1.57843 0.000282307
45.906 196.73 1.57843 1.57843 0.000282307
47.3569 196.73 1.57857 1.57857 0.000291122
47.3569 196.73 1.57857 1.57857 0.000291122
48.5901 196.73 1.57869 1.57869 0.000298605
48.5901 196.73 1.57869 1.57869 0.000298605
49.8234 196.73 1.57881 1.57881 0.000306086
49.8234 196.73 1.57881 1.57881 0.000306086
51.0566 196.73 1.57892 1.57892 0.00031356
51.0566 196.73 1.57892 1.57892 0.00031356
52.2898 196.73 1.57904 1.57904 0.000321028
52.2898 196.73 1.57904 1.57904 0.000321028
53.3381 196.73 1.57914 1.57914 0.000327373
53.3381 196.73 1.57914 1.57914 0.000327373
54.3863 196.73 1.57924 1.57924 0.000333713
54.3863 196.73 1.57924 1.57924 0.000333713
55.4346 196.73 1.57934 1.57934 0.000340048
55.4346 196.73 1.57934 1.57934 0.000340048
56.4828 196.73 1.57944 1.57944 0.000346372
56.4828 196.73 1.57944 1.57944 0.000346372
57.5311 196.73 1.57954 1.57954 0.000352692
57.5311 196.73 1.57954 1.57954 0.000352692
58.5793 196.73 1.57964 1.57964 0.000359011
58.5793 196.73 1.57964 1.57964 0.000359011
59.6276 196.73 1.57974 1.57974 0.000365328
59.6276 196.73 1.57974 1.57974 0.000365328
60.6758 196.73 1.57984 1.57984 0.000371641
60.6758 196.73 1.57984 1.57984 0.000371641
61.7241 196.73 1.57994 1.57994 0.000377947
61.7241 196.73 1.57994 1.57994 0.000377947
62.7723 196.73 1.58004 1.58004 0.000384248
62.7723 196.73 1.58004 1.58004 0.000384248
63.8206 196.73 1.58014 1.58014 0.000390547
63.8206 196.73 1.58014 1.58014 0.000390547
64.8688 196.73 1.58023 1.58023 0.000396844
64.8688 196.73 1.58023 1.58023 0.000396844
65.9171 196.73 1.58033 1.58033 0.000403136
65.9171 196.73 1.58033 1.58033 0.000403136
66.9653 196.73 1.58043 1.58043 0.000409427
66.9653 196.73 1.58043 1.58043 0.000409427
68.0136 196.73 1.58053 1.58053 0.000415712
68.0136 196.73 1.58053 1.58053 0.000415712
68.9046 196.73 1.58061 1.58061 0.000421048
68.9046 196.73 1.58061 1.58061 0.000421048
69.662 196.73 1.58069 1.58069 0.000425583
69.662 196.73 1.58069 1.58069 0.000425583
70.3057 196.73 1.58075 1.58075 0.000429434
70.3057 196.73 1.58075 1.58075 0.000429434
70.9495 196.73 1.58081 1.58081 0.000433285
70.9495 196.73 1.58081 1.58081 0.000433285
71.5932 196.73 1.58087 1.58087 0.000437135
71.5932 196.73 1.58087 1.58087 0.000437135
72.237 196.73 1.58093 1.58093 0.000440985
72.237 196.73 1.58093 1.58093 0.000440985
72.8807 196.73 1.58099 1.58099 0.000444834
72.8807 196.73 1.58099 1.58099 0.000444834
73.5245 196.73 1.58105 1.58105 0.00044868
73.5245 196.73 1.58105 1.58105 0.00044868
74.1683 196.73 1.58111 1.58111 0.000452525
74.1683 196.73 1.58111 1.58111 0.000452525
74.812 196.73 1.58117 1.58117 0.00045637
74.812 196.73 1.58117 1.58117 0.00045637
75.4558 196.73 1.58123 1.58123 0.000460212
75.4558 196.73 1.58123 1.58123 0.000460212
76.0995 196.73 1.58129 1.58129 0.000464053
76.2283 196.73 1.5813 1.5813 0.000464821
76.2283 196.73 1.5813 1.5813 0.000464821
77.0008 196.73 1.58138 1.58138 0.00046943
77.1553 196.73 1.58139 1.58139 0.000470351
77.1553 196.73 1.58139 1.58139 0.000470351
78.0823 196.73 1.58148 1.58148 0.00047588
78.0823 196.73 1.58148 1.58148 0.00047588
79.0093 196.73 1.58156 1.58156 0.000481408
79.0093 196.73 1.58156 1.58156 0.000481408
79.9363 196.73 1.58165 1.58165 0.000486931
79.9363 196.73 1.58165 1.58165 0.000486931
80.8633 196.73 1.58174 1.58174 0.000492453
80.8633 196.73 1.58174 1.58174 0.000492453
81.7903 196.73 1.58182 1.58182 0.000497973
81.7903 196.73 1.58182 1.58182 0.000497973
82.7173 196.73 1.58191 1.58191 0.000503492
82.7173 196.73 1.58191 1.58191 0.000503492
83.6444 196.73 1.582 1.582 0.00050901
83.6444 196.73 1.582 1.582 0.00050901
84.5714 196.73 1.58208 1.58208 0.000514526
84.5714 196.73 1.58208 1.58208 0.000514526
85.4984 196.73 1.58217 1.58217 0.000520041
85.4984 196.73 1.58217 1.58217 0.000520041
86.4254 196.73 1.58226 1.58226 0.000525555
86.4254 196.73 1.58226 1.58226 0.000525555
87.2133 196.73 1.58233 1.58233 0.000530238
87.2133 196.73 1.58233 1.58233 0.000530238
88.0013 196.73 1.58241 1.58241 0.000534918
88.0013 196.73 1.58241 1.58241 0.000534918
88.7893 196.73 1.58248 1.58248 0.000539598
88.7893 196.73 1.58248 1.58248 0.000539598
89.5772 196.73 1.58255 1.58255 0.000544276
89.7348 196.73 1.58257 1.58257 0.000545212
89.7348 196.73 1.58257 1.58257 0.000545212
90.6804 196.73 1.58266 1.58266 0.000550825
90.6804 196.73 1.58266 1.58266 0.000550825
91.6259 196.73 1.58274 1.58274 0.000556436
91.6259 196.73 1.58274 1.58274 0.000556436
92.5715 196.73 1.58283 1.58283 0.000562043
92.5715 196.73 1.58283 1.58283 0.000562043
93.517 196.73 1.58292 1.58292 0.000567648
93.517 196.73 1.58292 1.58292 0.000567648
94.4626 196.73 1.58301 1.58301 0.000573253
94.4626 196.73 1.58301 1.58301 0.000573253
95.4081 196.73 1.5831 1.5831 0.000578855
95.4081 196.73 1.5831 1.5831 0.000578855
96.3537 196.73 1.58318 1.58318 0.00058445
96.3537 196.73 1.58318 1.58318 0.00058445
97.2992 196.73 1.58327 1.58327 0.000590044
97.2992 196.73 1.58327 1.58327 0.000590044
98.2448 196.73 1.58336 1.58336 0.000595633
98.2448 196.73 1.58336 1.58336 0.000595633
99.1903 196.73 1.58345 1.58345 0.000601217
99.3794 196.73 1.58347 1.58347 0.000602334
99.3794 196.73 1.58347 1.58347 0.000602334
100.514 196.73 1.58357 1.58357 0.000609031
100.514 196.73 1.58357 1.58357 0.000609031
101.649 196.73 1.58368 1.58368 0.000615727
101.649 196.73 1.58368 1.58368 0.000615727
102.783 196.73 1.58378 1.58378 0.000622417
102.783 196.73 1.58378 1.58378 0.000622417
103.918 196.73 1.58389 1.58389 0.000629101
103.918 196.73 1.58389 1.58389 0.000629101
105.053 196.73 1.58399 1.58399 0.000635783
105.053 196.73 1.58399 1.58399 0.000635783
106.187 196.73 1.5841 1.5841 0.000642459
106.187 196.696 1.58409 1.58409 0.000642459
107.322 196.696 1.58419 1.58419 0.000649122
107.322 196.696 1.58419 1.58419 0.000649122
108.457 196.696 1.5843 1.5843 0.000655783
108.457 196.696 1.5843 1.5843 0.000655783
109.591 196.696 1.5844 1.5844 0.000662442
109.591 196.696 1.5844 1.5844 0.000662442
110.726 196.696 1.58451 1.58451 0.000669099
110.726 196.696 1.58451 1.58451 0.000669099
111.861 196.696 1.58461 1.58461 0.000675751
111.861 196.696 1.58461 1.58461 0.000675751
112.995 196.696 1.58472 1.58472 0.000682404
112.995 196.696 1.58472 1.58472 0.000682404
114.13 196.696 1.58482 1.58482 0.000689056
114.13 196.662 1.58482 1.58482 0.000689056
115.265 196.662 1.58492 1.58492 0.000695698
115.492 196.662 1.58494 1.58494 0.000697026
115.492 196.662 1.58494 1.58494 0.000697026
116.853 196.662 1.58507 1.58507 0.000704993
116.853 196.629 1.58506 1.58506 0.000704993
118.215 196.629 1.58518 1.58518 0.000712952
118.215 196.629 1.58518 1.58518 0.000712952
119.576 196.629 1.58531 1.58531 0.000720902
119.576 196.629 1.58531 1.58531 0.000720902
120.938 196.629 1.58543 1.58543 0.000728846
120.938 196.629 1.58543 1.58543 0.000728846
122.3 196.629 1.58556 1.58556 0.000736787
122.3 196.629 1.58556 1.58556 0.000736787
123.661 196.629 1.58568 1.58568 0.000744716
123.661 196.629 1.58568 1.58568 0.000744716
125.023 196.629 1.58581 1.58581 0.000752637
125.023 196.629 1.58581 1.58581 0.000752637
126.384 196.629 1.58593 1.58593 0.000760556
126.384 196.629 1.58594 1.58594 0.000760556
127.746 196.629 1.58606 1.58606 0.00076847
127.746 196.629 1.58606 1.58606 0.00076847
129.108 196.629 1.58618 1.58618 0.000776377
129.108 196.629 1.58618 1.58618 0.000776377
130.469 196.629 1.58631 1.58631 0.00078428
130.469 196.629 1.58631 1.58631 0.00078428
131.831 196.629 1.58644 1.58644 0.000792188
131.831 196.629 1.58644 1.58644 0.000792188
133.192 196.629 1.58656 1.58656 0.00080009
133.465 196.629 1.58659 1.58659 0.00080167
133.465 196.629 1.58659 1.58659 0.00080167
135.099 196.629 1.58674 1.58674 0.000811144
135.099 196.629 1.58674 1.58674 0.000811144
136.732 196.629 1.58688 1.58688 0.000820603
136.732 196.629 1.58688 1.58688 0.000820603
138.366 196.628 1.58703 1.58703 0.000830058
138.366 196.628 1.58704 1.58704 0.000830058
140 196.628 1.58719 1.58719 0.000839509
140 196.628 1.58719 1.58719 0.000839509
141.634 196.628 1.58733 1.58733 0.000848956
141.634 196.628 1.58733 1.58733 0.000848956
143.268 196.628 1.58748 1.58748 0.000858394
143.268 196.628 1.58748 1.58748 0.000858394
144.902 196.628 1.58763 1.58763 0.00086782
144.902 196.628 1.58763 1.58763 0.00086782
146.536 196.628 1.58778 1.58778 0.000877241
146.536 196.628 1.58778 1.58778 0.000877241
148.17 196.628 1.58793 1.58793 0.000886654
148.17 196.628 1.58794 1.58794 0.000886654
149.804 196.628 1.58808 1.58808 0.000896057
149.804 196.628 1.58808 1.58808 0.000896057
151.438 196.628 1.58823 1.58823 0.000905458
151.438 196.628 1.58823 1.58823 0.000905458
153.072 196.628 1.58838 1.58838 0.00091485
153.072 196.628 1.58838 1.58838 0.00091485
154.705 196.628 1.58853 1.58853 0.000924233
154.705 196.595 1.58852 1.58852 0.000924233
156.339 196.595 1.58867 1.58867 0.000933604
156.339 196.595 1.58867 1.58867 0.000933604
157.973 196.595 1.58882 1.58882 0.000942966
157.973 196.595 1.58882 1.58882 0.000942966
159.607 196.595 1.58896 1.58896 0.000952314
159.607 196.595 1.58896 1.58896 0.000952314
161.241 196.595 1.58911 1.58911 0.000961652
161.568 196.595 1.58914 1.58914 0.000963519
161.568 196.561 1.58913 1.58913 0.000963519
163.529 196.561 1.58931 1.58931 0.000974716
163.529 196.527 1.5893 1.5893 0.000974716
165.489 196.527 1.58948 1.58948 0.000985873
165.489 196.527 1.58948 1.58948 0.000985873
167.45 196.527 1.58965 1.58965 0.000997009
167.45 196.527 1.58965 1.58965 0.000997009
169.411 196.527 1.58983 1.58983 0.00100813
169.411 196.527 1.58983 1.58983 0.00100813
171.371 196.527 1.59001 1.59001 0.00101925
171.371 196.493 1.59 1.59 0.00101925
173.332 196.493 1.59018 1.59018 0.00103036
173.332 196.46 1.59017 1.59017 0.00103036
175.293 196.46 1.59035 1.59035 0.00104142
175.685 196.46 1.59038 1.59038 0.00104364
175.685 196.46 1.59038 1.59038 0.00104364
178.038 196.46 1.59059 1.59059 0.00105689
178.038 196.46 1.59059 1.59059 0.00105689
180.391 196.46 1.5908 1.5908 0.00107013
180.391 196.426 1.59079 1.59079 0.00107013
182.743 196.426 1.59099 1.59099 0.00108333
182.743 196.426 1.591 1.591 0.00108333
185.096 196.426 1.5912 1.5912 0.00109651
185.096 196.392 1.5912 1.5912 0.00109651
187.449 196.392 1.5914 1.5914 0.00110964
187.449 196.392 1.5914 1.5914 0.00110964
189.802 196.392 1.59161 1.59161 0.00112275
189.802 196.392 1.59161 1.59161 0.00112275
192.155 196.392 1.59181 1.59181 0.00113585
192.155 196.392 1.59182 1.59182 0.00113585
194.508 196.392 1.59202 1.59202 0.00114894
194.508 196.392 1.59202 1.59202 0.00114894
196.86 196.392 1.59223 1.59223 0.00116199
196.86 196.392 1.59223 1.59223 0.00116199
199.213 196.392 1.59243 1.59243 0.00117503
199.213 196.392 1.59243 1.59243 0.00117503
201.566 196.392 1.59264 1.59264 0.00118804
201.566 196.358 1.59263 1.59263 0.00118804
203.919 196.358 1.59283 1.59283 0.00120104
203.919 196.358 1.59283 1.59283 0.00120104
206.272 196.358 1.59304 1.59304 0.00121403
206.272 196.358 1.59304 1.59304 0.00121403
208.625 196.358 1.59324 1.59324 0.001227
208.625 196.358 1.59324 1.59324 0.001227
210.977 196.358 1.59345 1.59345 0.00123993
210.977 196.358 1.59346 1.59346 0.00123993
213.33 196.358 1.59366 1.59366 0.00125287
213.33 196.358 1.59367 1.59367 0.00125287
215.683 196.358 1.59387 1.59387 0.0012658
215.683 196.358 1.59388 1.59388 0.0012658
218.036 196.358 1.59408 1.59408 0.00127873
218.036 196.358 1.59408 1.59408 0.00127873
220.389 196.358 1.59428 1.59428 0.00129163
220.389 196.358 1.5943 1.5943 0.00129163
222.741 196.358 1.5945 1.5945 0.00130456
222.741 196.325 1.59449 1.59449 0.00130456
225.094 196.325 1.59469 1.59469 0.00131745
225.565 196.325 1.59474 1.59474 0.00132003
225.565 196.291 1.59472 1.59472 0.00132003
228.388 196.291 1.59496 1.59496 0.00133546
228.388 196.291 1.59497 1.59497 0.00133546
231.212 196.291 1.59521 1.59521 0.00135087
231.212 196.291 1.59522 1.59522 0.00135087
233.612 196.291 1.59543 1.59543 0.00136397
233.612 196.291 1.59543 1.59543 0.00136397
236.011 196.291 1.59563 1.59563 0.00137703
236.011 196.291 1.59564 1.59564 0.00137703
238.411 196.291 1.59584 1.59584 0.00139009
238.411 196.257 1.59583 1.59583 0.00139009
240.811 196.257 1.59604 1.59604 0.00140311
240.811 196.223 1.59603 1.59603 0.00140311
243.211 196.223 1.59623 1.59623 0.00141613
243.211 196.223 1.59624 1.59624 0.00141613
245.611 196.223 1.59645 1.59645 0.00142915
245.611 196.19 1.59644 1.59644 0.00142915
248.011 196.19 1.59665 1.59665 0.00144217
248.011 196.156 1.59664 1.59664 0.00144217
250.411 196.156 1.59685 1.59685 0.00145517
250.411 196.088 1.59683 1.59683 0.00145517
252.811 196.088 1.59704 1.59704 0.00146818
252.811 196.088 1.59705 1.59705 0.00146818
255.211 196.088 1.59726 1.59726 0.00148116
255.211 196.055 1.59725 1.59725 0.00148116
257.61 196.055 1.59745 1.59745 0.00149413
257.61 196.021 1.59745 1.59745 0.00149413
260.01 196.021 1.59766 1.59766 0.00150713
260.01 195.954 1.59764 1.59764 0.00150713
262.41 195.954 1.59784 1.59784 0.00152009
262.41 195.886 1.59781 1.59781 0.00152009
264.81 195.886 1.59801 1.59801 0.00153303
264.81 195.785 1.59798 1.59798 0.00153303
267.21 195.785 1.59818 1.59818 0.00154594
267.69 195.785 1.59822 1.59822 0.00154852
267.69 195.65 1.59818 1.59818 0.00154852
270.57 195.65 1.59842 1.59842 0.00156396
270.57 195.583 1.59841 1.59841 0.00156396
273.45 195.582 1.59866 1.59866 0.00157939
273.45 195.549 1.59865 1.59865 0.00157939
276.33 195.549 1.59889 1.59889 0.00159479
276.33 195.549 1.59891 1.59891 0.00159479
279.209 195.549 1.59915 1.59915 0.00161016
279.209 195.515 1.59916 1.59916 0.00161016
282.089 195.515 1.5994 1.5994 0.00162551
282.089 195.481 1.59939 1.59939 0.00162551
284.969 195.481 1.59963 1.59963 0.00164082
284.969 195.481 1.59963 1.59963 0.00164082
287.849 195.481 1.59987 1.59987 0.0016561
287.849 195.481 1.59989 1.59989 0.0016561
290.729 195.481 1.60013 1.60013 0.00167137
290.729 195.346 1.60009 1.60009 0.00167137
293.609 195.346 1.60033 1.60033 0.00168663
293.609 195.346 1.60033 1.60033 0.00168663
294.695 195.346 1.60042 1.60042 0.00169238
294.695 195.346 1.60042 1.60042 0.00169238
295.618 195.346 1.6005 1.6005 0.00169727
295.618 195.245 1.60047 1.60047 0.00169727
296.541 195.245 1.60054 1.60054 0.00170215
296.726 195.245 1.60056 1.60056 0.00170313
296.726 195.211 1.60055 1.60055 0.00170313
297.542 195.211 1.60062 1.60062 0.00170745
297.542 195.144 1.60059 1.60059 0.00170745
298.359 195.144 1.60066 1.60066 0.00171176
298.359 195.077 1.60064 1.60064 0.00171176
299.175 195.077 1.60071 1.60071 0.00171607
299.339 195.077 1.60072 1.60072 0.00171693
299.339 195.077 1.60073 1.60073 0.00171693
300.318 195.077 1.60081 1.60081 0.0017221
300.514 195.077 1.60083 1.60083 0.00172314
300.514 195.043 1.60081 1.60081 0.00172314
301.69 195.043 1.60091 1.60091 0.00172934
301.925 195.043 1.60093 1.60093 0.00173058
301.925 195.009 1.60092 1.60092 0.00173058
303.336 195.009 1.60104 1.60104 0.00173803
303.618 195.009 1.60106 1.60106 0.00173951
303.618 195.009 1.60108 1.60108 0.00173951
305.311 195.009 1.60122 1.60122 0.00174844
305.65 195.009 1.60124 1.60124 0.00175023
305.65 194.908 1.60121 1.60121 0.00175023
307.681 194.908 1.60138 1.60138 0.00176094
308.087 194.908 1.60142 1.60142 0.00176308
308.087 194.84 1.6014 1.6014 0.00176308
310.525 194.84 1.6016 1.6016 0.00177588
311.013 194.84 1.60164 1.60164 0.00177844
311.013 194.773 1.60161 1.60161 0.00177844
313.938 194.773 1.60186 1.60186 0.00179376
313.938 194.672 1.60183 1.60183 0.00179376
316.864 194.672 1.60207 1.60207 0.00180906
316.864 194.672 1.60207 1.60207 0.00180906
319.789 194.672 1.60231 1.60231 0.00182434
319.848 194.672 1.60232 1.60232 0.00182465
319.848 194.571 1.60228 1.60228 0.00182465
320.433 194.571 1.60233 1.60233 0.0018277
322.832 194.571 1.60253 1.60253 0.0018402
322.832 194.469 1.60251 1.60251 0.0018402
325.816 194.469 1.60276 1.60276 0.00185577
325.816 194.469 1.60276 1.60276 0.00185577
328.8 194.469 1.60301 1.60301 0.00187134
328.859 194.469 1.60301 1.60301 0.00187165
328.859 194.368 1.60298 1.60298 0.00187165
329.456 194.368 1.60303 1.60303 0.00187476
331.903 194.368 1.60323 1.60323 0.0018875
331.903 194.233 1.60319 1.60319 0.0018875
334.947 194.233 1.60344 1.60344 0.00190331
335.555 194.233 1.60349 1.60349 0.00190647
335.555 194.166 1.60349 1.60349 0.00190647
339.208 194.166 1.60379 1.60379 0.0019254
339.938 194.166 1.60385 1.60385 0.00192918
339.938 193.997 1.6038 1.6038 0.00192918
344.321 193.997 1.60416 1.60416 0.00195186
345.198 193.997 1.60423 1.60423 0.0019564
345.198 193.862 1.60418 1.60418 0.0019564
350.457 193.862 1.60462 1.60462 0.00198355
350.457 193.727 1.60458 1.60458 0.00198355
355.716 193.727 1.60501 1.60501 0.00201065
355.716 193.592 1.60497 1.60497 0.00201065
360.187 193.592 1.60534 1.60534 0.00203367
360.187 193.525 1.60534 1.60534 0.00203367
364.657 193.525 1.6057 1.6057 0.00205668
364.657 193.424 1.60567 1.60567 0.00205668
369.128 193.424 1.60604 1.60604 0.00207964
370.022 193.424 1.60611 1.60611 0.00208423
370.022 193.255 1.60605 1.60605 0.00208423
375.387 193.255 1.60648 1.60648 0.00211173
375.387 193.12 1.60644 1.60644 0.00211173
376.848 193.12 1.60656 1.60656 0.00211922
376.848 193.053 1.60654 1.60654 0.00211922
378.091 193.053 1.60664 1.60664 0.00212559
378.091 192.985 1.60663 1.60663 0.00212559
379.333 192.985 1.60673 1.60673 0.00213194
379.358 192.985 1.60673 1.60673 0.00213207
379.358 192.951 1.60673 1.60673 0.00213207
379.607 192.951 1.60675 1.60675 0.00213334
380.626 192.951 1.60683 1.60683 0.00213856
380.626 192.817 1.60678 1.60678 0.00213856
381.893 192.817 1.60689 1.60689 0.00214503
382.147 192.817 1.60691 1.60691 0.00214633
382.147 192.749 1.60689 1.60689 0.00214633
383.667 192.749 1.60701 1.60701 0.00215409
383.972 192.749 1.60704 1.60704 0.00215564
383.972 192.682 1.60701 1.60701 0.00215564
385.797 192.682 1.60716 1.60716 0.00216495
386.162 192.682 1.60719 1.60719 0.00216681
386.162 192.614 1.60718 1.60718 0.00216681
388.352 192.614 1.60736 1.60736 0.00217798
388.79 192.614 1.60739 1.60739 0.00218021
388.79 192.547 1.60737 1.60737 0.00218021
391.418 192.547 1.60759 1.60759 0.00219358
391.943 192.547 1.60763 1.60763 0.00219625
391.943 192.412 1.60757 1.60757 0.00219625
395.097 192.412 1.60783 1.60783 0.00221225
395.728 192.412 1.60788 1.60788 0.00221545
395.728 192.277 1.60784 1.60784 0.00221545
399.512 192.277 1.60814 1.60814 0.00223464
400.269 192.277 1.6082 1.6082 0.00223848
400.269 192.075 1.60811 1.60811 0.00223848
404.81 192.075 1.60847 1.60847 0.00226136
405.718 192.075 1.60855 1.60855 0.00226593
405.718 191.838 1.60847 1.60847 0.00226593
411.168 191.838 1.60891 1.60891 0.00229338
412.258 191.838 1.609 1.609 0.00229887
412.258 191.501 1.60888 1.60888 0.00229887
418.797 191.501 1.6094 1.6094 0.00233169
420.105 191.501 1.60951 1.60951 0.00233825
420.105 191.366 1.60946 1.60946 0.00233825
427.952 191.366 1.61009 1.61009 0.0023775
427.952 191.198 1.61003 1.61003 0.0023775
435.8 191.198 1.61065 1.61065 0.00241657
435.8 190.624 1.61042 1.61042 0.00241657
443.647 190.624 1.61104 1.61104 0.00245548
443.647 190.388 1.61097 1.61097 0.00245548
451.494 190.388 1.6116 1.6116 0.00249433
451.494 190.321 1.61158 1.61158 0.00249433
457.164 190.321 1.61203 1.61203 0.00252234
457.164 190.085 1.61193 1.61193 0.00252234
460.646 190.085 1.61221 1.61221 0.00253949
460.646 189.983 1.61215 1.61215 0.00253949
463.606 189.983 1.61238 1.61238 0.00255403
463.606 189.815 1.61231 1.61231 0.00255403
466.565 189.815 1.61255 1.61255 0.00256857
467.157 189.815 1.6126 1.6126 0.00257147
467.157 189.579 1.6125 1.6125 0.00257147
470.709 189.579 1.61278 1.61278 0.00258892
471.419 189.579 1.61284 1.61284 0.00259241
471.419 189.275 1.61272 1.61272 0.00259241
475.681 189.275 1.61306 1.61306 0.00261327
476.533 189.275 1.61313 1.61313 0.00261744
476.533 188.87 1.61296 1.61296 0.00261744
481.647 188.87 1.61337 1.61337 0.00264243
481.75 188.87 1.61337 1.61337 0.00264293
481.75 188.634 1.61327 1.61327 0.00264293
482.772 188.634 1.61335 1.61335 0.00264792
486.966 188.634 1.61368 1.61368 0.00266836
486.966 188.466 1.6136 1.6136 0.00266836
492.182 188.466 1.61401 1.61401 0.00269373
493.226 188.466 1.61409 1.61409 0.00269879
493.226 188.128 1.61392 1.61392 0.00269879
499.486 188.128 1.61442 1.61442 0.0027291
500.738 188.128 1.61451 1.61451 0.00273516
500.738 187.521 1.6143 1.6143 0.00273516
508.249 187.521 1.6149 1.6149 0.00277146
508.249 187.251 1.6148 1.6148 0.00277146
514.634 187.251 1.61531 1.61531 0.00280231
514.634 187.116 1.61528 1.61528 0.00280231
517.967 187.116 1.61554 1.61554 0.00281839
517.967 186.914 1.61545 1.61545 0.00281839
521.3 186.914 1.61571 1.61571 0.00283444
521.3 186.745 1.61563 1.61563 0.00283444
524.633 186.745 1.61589 1.61589 0.00285046
524.7 186.745 1.6159 1.6159 0.00285078
524.7 186.476 1.61578 1.61578 0.00285078
525.366 186.476 1.61583 1.61583 0.00285398
528.1 186.476 1.61605 1.61605 0.00286711
528.1 186.24 1.61587 1.61587 0.00286711
531.499 186.24 1.61614 1.61614 0.00288334
532.179 186.24 1.61619 1.61619 0.00288658
532.179 185.936 1.61604 1.61604 0.00288658
536.259 185.936 1.61636 1.61636 0.00290602
537.075 185.936 1.61643 1.61643 0.0029099
537.075 185.531 1.61625 1.61625 0.0029099
541.97 185.531 1.61663 1.61663 0.00293312
542.949 185.531 1.61671 1.61671 0.00293775
542.949 185.396 1.61666 1.61666 0.00293775
548.824 185.396 1.61712 1.61712 0.00296555
548.824 185.194 1.61707 1.61707 0.00296555
553.817 185.194 1.61746 1.61746 0.00298919
553.817 185.059 1.61741 1.61741 0.00298919
558.062 185.059 1.61774 1.61774 0.00300916
558.062 184.958 1.6177 1.6177 0.00300916
561.669 184.958 1.61798 1.61798 0.00302614
561.669 184.89 1.61795 1.61795 0.00302614
565.277 184.89 1.61823 1.61823 0.0030431
565.277 184.789 1.61818 1.61818 0.0030431
568.885 184.789 1.61846 1.61846 0.00306005
569.606 184.789 1.61851 1.61851 0.00306343
569.606 184.553 1.61845 1.61845 0.00306343
573.936 184.553 1.61878 1.61878 0.00308374
574.022 184.553 1.61879 1.61879 0.00308414
574.022 184.385 1.61873 1.61873 0.00308414
574.888 184.385 1.6188 1.6188 0.00308821
578.438 184.384 1.61907 1.61907 0.00310486
578.438 184.182 1.61902 1.61902 0.00310486
582.854 184.182 1.61936 1.61936 0.0031256
582.854 184.047 1.61932 1.61932 0.0031256
587.27 184.047 1.61967 1.61967 0.0031463
588.153 184.047 1.61974 1.61974 0.00315043
588.153 183.879 1.61966 1.61966 0.00315043
593.452 183.879 1.62007 1.62007 0.00317516
594.512 183.879 1.62015 1.62015 0.0031801
594.512 183.71 1.62005 1.62005 0.0031801
600.871 183.71 1.62054 1.62054 0.0032097
602.143 183.71 1.62064 1.62064 0.00321561
602.143 183.508 1.62052 1.62052 0.00321561
609.773 183.508 1.62111 1.62111 0.00325095
611.299 183.508 1.62123 1.62123 0.00325801
611.299 182.968 1.62102 1.62102 0.00325801
620.456 182.968 1.62172 1.62172 0.00330011
622.287 182.968 1.62186 1.62186 0.00330852
622.287 182.833 1.62183 1.62183 0.00330852
624.832 182.833 1.62203 1.62203 0.00332019
624.832 182.766 1.62199 1.62199 0.00332019
626.996 182.766 1.62215 1.62215 0.0033301
626.996 182.766 1.62215 1.62215 0.0033301
628.59 182.766 1.62227 1.62227 0.0033374
628.59 182.732 1.62225 1.62225 0.0033374
630.184 182.732 1.62237 1.62237 0.0033447
630.184 182.732 1.62238 1.62238 0.0033447
631.778 182.732 1.6225 1.6225 0.003352
632.097 182.732 1.62253 1.62253 0.00335346
632.097 182.597 1.62244 1.62244 0.00335346
634.01 182.597 1.62259 1.62259 0.00336222
634.393 182.597 1.62262 1.62262 0.00336396
634.393 182.529 1.62259 1.62259 0.00336396
636.689 182.529 1.62277 1.62277 0.00337446
637.148 182.529 1.6228 1.6228 0.00337655
637.148 182.395 1.62275 1.62275 0.00337655
639.536 182.394 1.62293 1.62293 0.00338744
639.536 182.327 1.62293 1.62293 0.00338744
641.925 182.327 1.62311 1.62311 0.00339834
641.925 182.26 1.62309 1.62309 0.00339834
644.313 182.26 1.62327 1.62327 0.00340924
644.791 182.26 1.62331 1.62331 0.00341142
644.791 182.226 1.62329 1.62329 0.00341142
647.657 182.226 1.62351 1.62351 0.00342449
648.23 182.226 1.62355 1.62355 0.0034271
648.23 182.023 1.62345 1.62345 0.0034271
651.669 182.023 1.62371 1.62371 0.00344277
652.357 182.023 1.62376 1.62376 0.0034459
652.357 181.889 1.62366 1.62366 0.0034459
656.484 181.889 1.62398 1.62398 0.00346466
657.31 181.889 1.62404 1.62404 0.00346841
657.31 181.45 1.62387 1.62387 0.00346841
662.263 181.45 1.62425 1.62425 0.00349085
663.253 181.45 1.62432 1.62432 0.00349534
663.253 181.18 1.62422 1.62422 0.00349534
669.196 181.18 1.62467 1.62467 0.00352217
670.385 181.18 1.62476 1.62476 0.00352753
670.385 180.877 1.62461 1.62461 0.00352753
677.517 180.877 1.62515 1.62515 0.00355957
677.659 180.877 1.62516 1.62516 0.00356021
677.659 180.641 1.62507 1.62507 0.00356021
679.086 180.641 1.62518 1.62518 0.0035666
684.934 180.641 1.62562 1.62562 0.0035928
684.934 180.27 1.62554 1.62554 0.0035928
692.208 180.27 1.62609 1.62609 0.00362534
693.663 180.27 1.6262 1.6262 0.00363184
693.663 180.101 1.62611 1.62611 0.00363184
702.393 180.101 1.62676 1.62676 0.00367072
704.138 180.101 1.6269 1.6269 0.00367849
704.138 179.73 1.62668 1.62668 0.00367849
708.089 179.73 1.62698 1.62698 0.00369604
708.089 179.629 1.62691 1.62691 0.00369604
712.04 179.629 1.6272 1.6272 0.00371356
712.04 179.46 1.62711 1.62711 0.00371356
715.991 179.46 1.62741 1.62741 0.00373106
716.781 179.46 1.62747 1.62747 0.00373455
716.781 179.157 1.62737 1.62737 0.00373455
721.522 179.157 1.62773 1.62773 0.00375555
722.47 179.157 1.6278 1.6278 0.00375974
722.47 178.752 1.62763 1.62763 0.00375974
728.159 178.752 1.62806 1.62806 0.0037849
729.297 178.752 1.62814 1.62814 0.00378993
729.297 178.55 1.62805 1.62805 0.00378993
732.932 178.549 1.62833 1.62833 0.00380599
732.932 178.415 1.62822 1.62822 0.00380599
735.558 178.415 1.62842 1.62842 0.00381758
735.558 178.28 1.62832 1.62832 0.00381758
738.184 178.28 1.62852 1.62852 0.00382916
738.184 178.212 1.62847 1.62847 0.00382916
740.81 178.212 1.62867 1.62867 0.00384073
741.336 178.212 1.62871 1.62871 0.00384304
741.336 178.077 1.62866 1.62866 0.00384304
744.487 178.077 1.6289 1.6289 0.00385691
745.117 178.077 1.62895 1.62895 0.00385968
745.117 177.942 1.62885 1.62885 0.00385968
748.899 177.942 1.62914 1.62914 0.00387633
749.655 177.942 1.6292 1.6292 0.00387966
749.655 177.74 1.62913 1.62913 0.00387966
754.194 177.74 1.62947 1.62947 0.00389963
755.101 177.74 1.62954 1.62954 0.00390362
755.101 177.403 1.62941 1.62941 0.00390362
760.547 177.403 1.62983 1.62983 0.00392757
761.636 177.403 1.62991 1.62991 0.00393235
761.636 177.133 1.62973 1.62973 0.00393235
767.302 177.133 1.63016 1.63016 0.00395721
767.302 177.065 1.63015 1.63015 0.00395721
768.846 177.065 1.63027 1.63027 0.00396397
768.846 177.032 1.63025 1.63025 0.00396397
770.39 177.032 1.63036 1.63036 0.00397072
770.39 176.998 1.63035 1.63035 0.00397072
771.527 176.998 1.63043 1.63043 0.0039757
771.527 176.931 1.63041 1.63041 0.0039757
772.494 176.931 1.63048 1.63048 0.00397992
772.494 176.829 1.63044 1.63044 0.00397992
773.462 176.829 1.63052 1.63052 0.00398415
773.655 176.829 1.63053 1.63053 0.00398499
773.655 176.796 1.6305 1.6305 0.00398499
774.815 176.796 1.63059 1.63059 0.00399006
775.048 176.796 1.63061 1.63061 0.00399108
775.048 176.694 1.63057 1.63057 0.00399108
776.44 176.694 1.63068 1.63068 0.00399716
776.719 176.694 1.6307 1.6307 0.00399838
776.719 176.56 1.63065 1.63065 0.00399838
778.39 176.56 1.63077 1.63077 0.00400567
778.724 176.56 1.6308 1.6308 0.00400713
778.724 176.56 1.6308 1.6308 0.00400713
780.729 176.56 1.63095 1.63095 0.00401588
781.131 176.56 1.63098 1.63098 0.00401763
781.131 176.357 1.63089 1.63089 0.00401763
783.537 176.357 1.63107 1.63107 0.00402813
784.018 176.357 1.63111 1.63111 0.00403022
784.018 176.29 1.63104 1.63104 0.00403022
786.906 176.29 1.63126 1.63126 0.00404281
787.484 176.29 1.6313 1.6313 0.00404532
787.484 176.155 1.63123 1.63123 0.00404532
790.949 176.155 1.63149 1.63149 0.00406041
791.642 176.155 1.63154 1.63154 0.00406343
791.642 176.02 1.63145 1.63145 0.00406343
794.247 176.02 1.63165 1.63165 0.00407475
794.247 175.885 1.63161 1.63161 0.00407475
796.851 175.885 1.6318 1.6318 0.00408606
796.851 175.818 1.63178 1.63178 0.00408606
799.456 175.818 1.63197 1.63197 0.00409736
799.456 175.683 1.63188 1.63188 0.00409736
802.061 175.683 1.63208 1.63208 0.00410862
802.582 175.683 1.63211 1.63211 0.00411088
802.582 175.48 1.63205 1.63205 0.00411088
805.708 175.48 1.63228 1.63228 0.00412439
806.333 175.48 1.63233 1.63233 0.00412709
806.333 175.278 1.63225 1.63225 0.00412709
810.084 175.278 1.63253 1.63253 0.00414329
810.834 175.278 1.63259 1.63259 0.00414653
810.834 175.109 1.63251 1.63251 0.00414653
815.335 175.109 1.63285 1.63285 0.00416599
815.335 175.008 1.63281 1.63281 0.00416599
819.836 175.008 1.63315 1.63315 0.00418542
819.836 174.772 1.63304 1.63304 0.00418542
824.337 174.772 1.63338 1.63338 0.0042048
825.238 174.772 1.63345 1.63345 0.00420868
825.238 174.603 1.63343 1.63343 0.00420868
830.639 174.603 1.63383 1.63383 0.00423191
831.719 174.603 1.63392 1.63392 0.00423656
831.719 174.232 1.63368 1.63368 0.00423656
838.201 174.232 1.63417 1.63417 0.00426439
839.497 174.232 1.63426 1.63426 0.00426995
839.497 174.097 1.6342 1.6342 0.00426995
847.275 174.097 1.63478 1.63478 0.00430332
847.275 173.726 1.63451 1.63451 0.00430332
855.053 173.726 1.63509 1.63509 0.00433661
856.608 173.726 1.63521 1.63521 0.00434325
856.608 173.389 1.63504 1.63504 0.00434325
865.942 173.389 1.63574 1.63574 0.00438307
865.942 173.119 1.63558 1.63558 0.00438307
875.275 173.119 1.63627 1.63627 0.0044228
875.275 172.951 1.63618 1.63618 0.0044228
882.019 172.951 1.63668 1.63668 0.00445138
882.019 172.849 1.63658 1.63658 0.00445138
884.181 172.849 1.63674 1.63674 0.00446051
884.181 172.748 1.63671 1.63671 0.00446051
886.018 172.748 1.63685 1.63685 0.00446826
886.018 172.647 1.63682 1.63682 0.00446826
887.856 172.647 1.63695 1.63695 0.00447601
887.856 172.58 1.63695 1.63695 0.00447601
889.693 172.58 1.63709 1.63709 0.00448376
890.061 172.58 1.63711 1.63711 0.0044853
890.061 172.411 1.63698 1.63698 0.0044853
892.266 172.411 1.63714 1.63714 0.00449459
892.707 172.411 1.63717 1.63717 0.00449645
892.707 172.242 1.63709 1.63709 0.00449645
895.353 172.242 1.63728 1.63728 0.00450758
895.882 172.242 1.63732 1.63732 0.00450981
895.882 172.107 1.63727 1.63727 0.00450981
899.057 172.107 1.6375 1.6375 0.00452312
899.692 172.107 1.63755 1.63755 0.00452578
899.692 171.973 1.63745 1.63745 0.00452578
903.502 171.973 1.63773 1.63773 0.00454173
904.265 171.973 1.63779 1.63779 0.00454492
904.265 171.77 1.63765 1.63765 0.00454492
908.837 171.77 1.63799 1.63799 0.00456405
909.751 171.77 1.63805 1.63805 0.00456787
909.751 171.602 1.63804 1.63804 0.00456787
915.238 171.602 1.63844 1.63844 0.00459077
916.336 171.602 1.63852 1.63852 0.00459535
916.336 171.332 1.63835 1.63835 0.00459535
922.92 171.332 1.63883 1.63883 0.00462277
922.92 171.129 1.63878 1.63878 0.00462277
929.504 171.129 1.63926 1.63926 0.00465017
929.504 170.86 1.63911 1.63911 0.00465017
936.088 170.86 1.63959 1.63959 0.00467754
937.405 170.86 1.63969 1.63969 0.004683
937.405 170.387 1.63942 1.63942 0.004683
945.306 170.387 1.64 1.64 0.00471567
946.886 170.387 1.64011 1.64011 0.00472219
946.886 170.118 1.64003 1.64003 0.00472219
956.367 170.117 1.64072 1.64072 0.00476124
956.367 169.578 1.64043 1.64043 0.00476124
964.426 169.578 1.64102 1.64102 0.0047943
964.426 169.409 1.64093 1.64093 0.0047943
968.002 169.409 1.64119 1.64119 0.00480893
968.002 169.409 1.6412 1.6412 0.00480893
968.977 169.409 1.64127 1.64127 0.00481292
968.977 169.342 1.64124 1.64124 0.00481292
969.951 169.342 1.64131 1.64131 0.00481691
969.951 169.274 1.64126 1.64126 0.00481691
970.46 169.274 1.6413 1.6413 0.00481899
970.46 169.274 1.6413 1.6413 0.00481899
970.968 169.274 1.64134 1.64134 0.00482108
970.968 169.241 1.64131 1.64131 0.00482108
971.477 169.241 1.64135 1.64135 0.00482316
971.579 169.241 1.64135 1.64135 0.00482357
971.579 169.207 1.64131 1.64131 0.00482357
972.189 169.207 1.64135 1.64135 0.00482607
972.311 169.207 1.64136 1.64136 0.00482657
972.311 169.139 1.64131 1.64131 0.00482657
973.043 169.139 1.64136 1.64136 0.00482957
973.19 169.139 1.64137 1.64137 0.00483017
973.19 169.072 1.64135 1.64135 0.00483017
974.069 169.072 1.64142 1.64142 0.00483376
974.245 169.072 1.64143 1.64143 0.00483448
974.245 169.072 1.64143 1.64143 0.00483448
975.299 169.072 1.64151 1.64151 0.00483879
975.51 169.072 1.64152 1.64152 0.00483965
975.51 168.971 1.64151 1.64151 0.00483965
976.776 168.971 1.6416 1.6416 0.00484483
977.029 168.971 1.64162 1.64162 0.00484586
977.029 168.903 1.64157 1.64157 0.00484586
978.548 168.903 1.64168 1.64168 0.00485206
978.852 168.903 1.6417 1.6417 0.0048533
978.852 168.802 1.64166 1.64166 0.0048533
980.674 168.802 1.64179 1.64179 0.00486074
981.039 168.802 1.64182 1.64182 0.00486223
981.039 168.667 1.64171 1.64171 0.00486223
983.226 168.667 1.64186 1.64186 0.00487114
983.663 168.667 1.6419 1.6419 0.00487292
983.663 168.566 1.64181 1.64181 0.00487292
986.287 168.566 1.642 1.642 0.00488357
986.812 168.566 1.64204 1.64204 0.0048857
986.812 168.364 1.64199 1.64199 0.0048857
989.962 168.364 1.64222 1.64222 0.00489847
990.592 168.364 1.64226 1.64226 0.00490102
990.592 168.296 1.64219 1.64219 0.00490102
994.371 168.296 1.64247 1.64247 0.00491631
995.127 168.296 1.64252 1.64252 0.00491937
995.127 168.195 1.6425 1.6425 0.00491937
999.662 168.195 1.64283 1.64283 0.00493768
1000.57 168.195 1.64289 1.64289 0.00494134
1000.57 167.858 1.64272 1.64272 0.00494134
1006.01 167.858 1.64312 1.64312 0.00496333
1007.1 167.858 1.6432 1.6432 0.00496773
1007.1 167.554 1.64308 1.64308 0.00496773
1013.63 167.554 1.64355 1.64355 0.00499408
1013.63 167.217 1.64336 1.64336 0.00499408
1020.16 167.217 1.64383 1.64383 0.00502034
1020.16 167.015 1.64373 1.64373 0.00502034
1026.69 167.015 1.6442 1.6442 0.00504657
1026.69 166.745 1.64407 1.64407 0.00504657
1029.59 166.745 1.64428 1.64428 0.0050582
1029.59 166.542 1.64422 1.64422 0.0050582
1032.05 166.542 1.64439 1.64439 0.00506807
1032.05 166.441 1.64437 1.64437 0.00506807
1034.14 166.441 1.64452 1.64452 0.00507646
1034.14 166.306 1.6444 1.6444 0.00507646
1036.24 166.306 1.64455 1.64455 0.00508484
1036.66 166.306 1.64458 1.64458 0.00508652
1036.66 166.104 1.64444 1.64444 0.00508652
1039.17 166.104 1.64462 1.64462 0.00509658
1039.67 166.104 1.64466 1.64466 0.00509859
1039.67 165.935 1.64457 1.64457 0.00509859
1042.69 165.935 1.64479 1.64479 0.00511067
1043.29 165.935 1.64484 1.64484 0.00511308
1043.29 165.834 1.64474 1.64474 0.00511308
1046.91 165.834 1.645 1.645 0.00512755
1046.98 165.834 1.64501 1.64501 0.00512784
1046.98 165.699 1.64497 1.64497 0.00512784
1047.7 165.699 1.64503 1.64503 0.00513073
1050.67 165.699 1.64524 1.64524 0.00514259
1050.67 165.564 1.64517 1.64517 0.00514259
1054.36 165.564 1.64544 1.64544 0.00515737
1055.1 165.564 1.64549 1.64549 0.00516032
1055.1 165.463 1.64542 1.64542 0.00516032
1059.52 165.463 1.64574 1.64574 0.00517799
1060.41 165.463 1.64581 1.64581 0.00518152
1060.41 165.16 1.64559 1.64559 0.00518152
1065.72 165.16 1.64598 1.64598 0.0052027
1066.79 165.16 1.64605 1.64605 0.00520694
1066.79 164.991 1.64599 1.64599 0.00520694
1073.16 164.991 1.64645 1.64645 0.00523234
1074.44 164.991 1.64654 1.64654 0.00523742
1074.44 164.721 1.64646 1.64646 0.00523742
1082.09 164.721 1.64701 1.64701 0.00526788
1082.09 164.485 1.64693 1.64693 0.00526788
1089.74 164.485 1.64749 1.64749 0.00529829
1089.74 164.283 1.64733 1.64733 0.00529829
1097.39 164.283 1.64788 1.64788 0.00532858
1097.39 163.777 1.64763 1.64763 0.00532858
1105.04 163.777 1.64818 1.64818 0.00535877
1105.04 163.439 1.6481 1.6481 0.00535877
1112.69 163.439 1.64866 1.64866 0.00538892
1112.69 163.406 1.64864 1.64864 0.00538892
1114.47 163.406 1.64877 1.64877 0.0053959
1114.47 163.338 1.64875 1.64875 0.0053959
1115.04 163.338 1.64879 1.64879 0.00539813
1115.04 163.305 1.64875 1.64875 0.00539813
1115.6 163.305 1.64879 1.64879 0.00540037
1115.6 163.305 1.64881 1.64881 0.00540037
1116.17 163.305 1.64885 1.64885 0.00540261
1116.18 163.305 1.64885 1.64885 0.00540265
1116.18 163.305 1.64885 1.64885 0.00540265
1116.3 163.305 1.64886 1.64886 0.0054031
1116.76 163.305 1.64889 1.64889 0.00540493
1116.76 163.271 1.64884 1.64884 0.00540493
1117.34 163.271 1.64888 1.64888 0.00540721
1117.46 163.271 1.64889 1.64889 0.00540767
1117.46 163.237 1.64888 1.64888 0.00540767
1118.15 163.237 1.64893 1.64893 0.0054104
1118.29 163.237 1.64894 1.64894 0.00541095
1118.29 163.136 1.64893 1.64893 0.00541095
1119.13 163.136 1.64899 1.64899 0.00541424
1119.29 163.136 1.649 1.649 0.00541489
1119.29 163.035 1.64891 1.64891 0.00541489
1120.29 163.035 1.64898 1.64898 0.00541883
1120.5 163.035 1.64899 1.64899 0.00541962
1120.5 163.001 1.64896 1.64896 0.00541962
1121.7 163.001 1.64905 1.64905 0.00542435
1121.94 163.001 1.64907 1.64907 0.0054253
1121.94 162.967 1.64902 1.64902 0.0054253
1123.38 162.967 1.64912 1.64912 0.00543097
1123.67 162.967 1.64914 1.64914 0.0054321
1123.67 162.832 1.64902 1.64902 0.0054321
1125.4 162.832 1.64915 1.64915 0.0054389
1125.74 162.832 1.64917 1.64917 0.00544026
1125.74 162.697 1.64905 1.64905 0.00544026
1127.82 162.697 1.6492 1.6492 0.0054484
1128.24 162.697 1.64923 1.64923 0.00545003
1128.24 162.664 1.64921 1.64921 0.00545003
1130.73 162.664 1.64939 1.64939 0.0054598
1131.23 162.664 1.64942 1.64942 0.00546175
1131.23 162.461 1.6493 1.6493 0.00546175
1134.22 162.461 1.64952 1.64952 0.00547347
1134.81 162.461 1.64956 1.64956 0.00547581
1134.81 162.326 1.64943 1.64943 0.00547581
1138.4 162.326 1.64969 1.64969 0.00548984
1139.12 162.326 1.64974 1.64974 0.00549265
1139.12 162.259 1.64973 1.64973 0.00549265
1143.43 162.259 1.65004 1.65004 0.00550946
1144.29 162.259 1.6501 1.6501 0.00551282
1144.29 161.955 1.6499 1.6499 0.00551282
1149.45 161.955 1.65027 1.65027 0.00553298
1150.49 161.955 1.65035 1.65035 0.00553701
1150.49 161.821 1.65028 1.65028 0.00553701
1156.69 161.821 1.65072 1.65072 0.00556115
1156.69 161.686 1.65068 1.65068 0.00556115
1162.89 161.686 1.65112 1.65112 0.0055852
1162.89 161.45 1.65102 1.65102 0.0055852
1169.09 161.45 1.65147 1.65147 0.00560921
1169.09 161.281 1.65137 1.65137 0.00560921
1175.29 161.281 1.65182 1.65182 0.00563323
1175.29 161.112 1.65176 1.65176 0.00563323
1181.49 161.112 1.6522 1.6522 0.00565722
1181.49 161.011 1.65209 1.65209 0.00565722
1187.69 161.011 1.65254 1.65254 0.00568116
1187.69 160.842 1.65248 1.65248 0.00568116
1193.89 160.842 1.65293 1.65293 0.00570507
1193.89 160.606 1.65282 1.65282 0.00570507
1200.09 160.606 1.65327 1.65327 0.00572896
1200.09 160.1 1.65295 1.65295 0.00572896
1206.29 160.1 1.6534 1.6534 0.00575282
1206.29 160.033 1.65335 1.65335 0.00575282
1212.49 160.033 1.65379 1.65379 0.00577666
1212.49 159.763 1.65367 1.65367 0.00577666
1218.69 159.763 1.65412 1.65412 0.0058005
1218.69 159.426 1.65397 1.65397 0.0058005
1224.89 159.426 1.65442 1.65442 0.00582432
1224.89 159.223 1.65426 1.65426 0.00582432
1226.58 159.223 1.65439 1.65439 0.0058308
1226.58 159.223 1.65439 1.65439 0.0058308
1228.01 159.223 1.6545 1.6545 0.00583631
1228.01 159.156 1.65451 1.65451 0.00583631
1229.45 159.156 1.65461 1.65461 0.00584182
1229.74 159.156 1.65463 1.65463 0.00584292
1229.74 159.156 1.65463 1.65463 0.00584292
1231.46 159.156 1.65476 1.65476 0.00584953
1231.8 159.156 1.65478 1.65478 0.00585085
1231.8 159.055 1.6548 1.6548 0.00585085
1233.33 159.055 1.65491 1.65491 0.00585671
1233.33 159.055 1.65491 1.65491 0.00585671
1234.85 159.055 1.65502 1.65502 0.00586256
1234.85 158.819 1.65487 1.65487 0.00586256
1236.38 158.819 1.65498 1.65498 0.00586842
1236.68 158.819 1.65501 1.65501 0.00586959
1236.68 158.819 1.65502 1.65502 0.00586959
1238.51 158.819 1.65515 1.65515 0.00587662
1238.55 158.819 1.65516 1.65516 0.00587676
1238.55 158.751 1.65511 1.65511 0.00587676
1238.91 158.751 1.65514 1.65514 0.00587816
1240.41 158.751 1.65525 1.65525 0.00588392
1240.41 158.616 1.6552 1.6552 0.00588392
1242.28 158.616 1.65533 1.65533 0.00589109
1242.65 158.616 1.65536 1.65536 0.00589252
1242.65 158.448 1.6552 1.6552 0.00589252
1244.89 158.448 1.65537 1.65537 0.0059011
1245.34 158.448 1.6554 1.6554 0.00590282
1245.34 158.38 1.65536 1.65536 0.00590282
1248.02 158.38 1.65556 1.65556 0.00591312
1248.56 158.38 1.6556 1.6556 0.00591517
1248.56 158.178 1.65552 1.65552 0.00591517
1251.78 158.178 1.65576 1.65576 0.0059275
1252.43 158.178 1.6558 1.6558 0.00592996
1252.43 158.009 1.65571 1.65571 0.00592996
1256.3 158.009 1.656 1.656 0.00594474
1256.3 157.841 1.65587 1.65587 0.00594474
1260.16 157.841 1.65615 1.65615 0.00595951
1260.16 157.638 1.65599 1.65599 0.00595951
1264.03 157.638 1.65627 1.65627 0.00597427
1264.03 157.537 1.65618 1.65618 0.00597427
1267.9 157.537 1.65646 1.65646 0.00598902
1267.9 157.368 1.65638 1.65638 0.00598902
1271.77 157.368 1.65666 1.65666 0.00600378
1271.77 157.2 1.65657 1.65657 0.00600378
1275.64 157.2 1.65685 1.65685 0.00601854
1275.64 157.031 1.6567 1.6567 0.00601854
1279.5 157.031 1.65698 1.65698 0.00603326
1279.5 156.93 1.65684 1.65684 0.00603326
1283.37 156.93 1.65713 1.65713 0.00604797
1284.15 156.93 1.65718 1.65718 0.00605091
1284.15 156.66 1.65697 1.65697 0.00605091
1288.79 156.66 1.6573 1.6573 0.00606855
1288.79 156.424 1.6571 1.6571 0.00606855
1293.43 156.424 1.65744 1.65744 0.00608618
1293.43 156.289 1.65736 1.65736 0.00608618
1298.07 156.289 1.6577 1.6577 0.00610379
1299 156.289 1.65777 1.65777 0.00610731
1299 156.053 1.65762 1.65762 0.00610731
1304.57 156.053 1.65803 1.65803 0.0061284
1305.68 156.053 1.65811 1.65811 0.00613262
1305.68 155.648 1.65794 1.65794 0.00613262
1312.37 155.648 1.65843 1.65843 0.00615786
1313.7 155.648 1.65853 1.65853 0.0061629
1313.7 155.412 1.65841 1.65841 0.0061629
1321.72 155.412 1.659 1.659 0.0061931
1321.72 155.109 1.65879 1.65879 0.0061931
1329.74 155.109 1.65937 1.65937 0.00622326
1329.74 154.738 1.65903 1.65903 0.00622326
1336.56 154.738 1.65953 1.65953 0.00624882
1336.56 154.535 1.65938 1.65938 0.00624882
1339.59 154.535 1.6596 1.6596 0.00626014
1339.59 154.468 1.65956 1.65956 0.00626014
1340.56 154.468 1.65963 1.65963 0.00626377
1340.56 154.468 1.65963 1.65963 0.00626377
1340.72 154.468 1.65965 1.65965 0.00626438
1340.72 154.468 1.65965 1.65965 0.00626438
1340.88 154.468 1.65966 1.65966 0.00626499
1340.88 154.468 1.65966 1.65966 0.00626499
1341.04 154.468 1.65967 1.65967 0.00626559
1341.07 154.468 1.65967 1.65967 0.00626572
1341.07 154.468 1.65967 1.65967 0.00626572
1341.27 154.468 1.65969 1.65969 0.00626644
1341.31 154.468 1.65969 1.65969 0.00626659
1341.31 154.434 1.65968 1.65968 0.00626659
1341.54 154.434 1.6597 1.6597 0.00626746
1341.59 154.434 1.6597 1.6597 0.00626764
1341.59 154.4 1.65968 1.65968 0.00626764
1341.87 154.4 1.6597 1.6597 0.00626869
1341.93 154.4 1.65971 1.65971 0.0062689
1341.93 154.4 1.65971 1.65971 0.0062689
1342.26 154.4 1.65973 1.65973 0.00627016
1342.33 154.4 1.65974 1.65974 0.00627041
1342.33 154.4 1.65975 1.65975 0.00627041
1342.73 154.4 1.65978 1.65978 0.00627192
1342.81 154.4 1.65979 1.65979 0.00627222
1342.81 154.4 1.65979 1.65979 0.00627222
1343.3 154.4 1.65982 1.65982 0.00627404
1343.4 154.4 1.65983 1.65983 0.0062744
1343.4 154.4 1.65984 1.65984 0.0062744
1343.98 154.4 1.65988 1.65988 0.00627658
1344.09 154.4 1.65989 1.65989 0.00627701
1344.09 154.4 1.65989 1.65989 0.00627701
1344.79 154.4 1.65994 1.65994 0.00627962
1344.93 154.4 1.65995 1.65995 0.00628014
1344.93 154.4 1.65996 1.65996 0.00628014
1345.77 154.4 1.66002 1.66002 0.00628328
1345.94 154.4 1.66003 1.66003 0.0062839
1345.94 154.4 1.66003 1.66003 0.0062839
1346.94 154.4 1.6601 1.6601 0.00628766
1347.14 154.4 1.66012 1.66012 0.00628841
1347.14 154.333 1.66012 1.66012 0.00628841
1348.35 154.333 1.6602 1.6602 0.00629291
1348.59 154.333 1.66022 1.66022 0.00629381
1348.59 154.333 1.66024 1.66024 0.00629381
